Some((
    red: 0.92156863,
    green: 0.627451,
    blue: 0.67450994,
))